0 1.00000000000000000000
.09983341664682815230 .99500416527802576609
.19866933079506121545 .98006657784124163112
.29552020666133957510 .95533648912560601964
.38941834230865049166 .92106099400288508279
.47942553860420300027 .87758256189037271611
.56464247339503535720 .82533561490967829724
.64421768723769105367 .76484218728448842625
.71735609089952276162 .69670670934716542092
.78332690962748338846 .62160996827066445648
.84147098480789650665 .54030230586813971740
.89120736006143533995 .45359612142557738777
.93203908596722634967 .36235775447667357763
.96355818541719296470 .26749882862458740699
.98544972998846018065 .16996714290024093861
.99749498660405443094 .07073720166770291008
.99957360304150516434 -.02919952230128872620
.99166481045246861534 -.12884449429552468408
.97384763087819518653 -.22720209469308705531
.94630008768741448848 -.32328956686350342227
.90929742682568169539 -.41614683654714238699
.86320936664887377068 -.50484610459985745162
.80849640381959018430 -.58850111725534570852
.74570521217672017738 -.66627602127982419331
.67546318055115092656 -.73739371554124549960
.59847214410395649405 -.80114361554693371483
.51550137182146423525 -.85688875336894723379
.42737988023382993455 -.90407214201706114798
.33498815015590491954 -.94222234066865815258
.23924932921398232818 -.97095816514959052178
.14112000805986722210 -.98999249660044545727
.04158066243329057919 -.99913515027327946449
-.05837414342757990913 -.99829477579475308466
-.15774569414324838201 -.98747976990886488393
-.25554110202683131924 -.96679819257946101428
-.35078322768961984812 -.93645668729079633769
-.44252044329485238426 -.89675841633414700587
-.52983614090849321321 -.84810003171040815883
-.61185789094271907573 -.79096771191441669999
-.68776615918397381809 -.72593230420014012937
-.75680249530792825137 -.65364362086361191463
-.81827711106441050426 -.57482394653326891153
-.87157577241358806001 -.49026082134069957765
-.91616593674945498403 -.40079917207997529690
-.95160207388951595403 -.30733286997841968311
-.97753011766509705538 -.21079579943077970598
-.99369100363346445613 -.11215252693505451742
-.99992325756410088417 -.01238866346289073715
-.99616460883584067178 .08749898343944656932
-.98245261262433251227 .18651236942257540449
-.95892427466313846889 .28366218546322626446
-.92581468232773229694 .37797774271298056332
-.88345465572015326467 .46851667130037695863
-.83226744222390116356 .55437433617916092944
-.77276448755598736235 .63469287594263436240
-.70554032557039190623 .70866977429126000002
-.63126663787232131146 .77556587851024979765
-.55068554259763776122 .83471278483915968274
-.46460217941375721141 .88551951694131900416
-.37387666483023635981 .92747843074403574090
-.27941549819892587281 .96017028665036602054
-.18216250427209554002 .98326843844258459658
-.08308940281749657800 .99654209702321747513
.01681390048434989031 .99985863638341514228
.11654920485049328948 .99318491875819265859
.21511998808781552429 .97658762572802349988
.31154136351337817435 .95023259195852946621
.40484992061659816163 .91438314823531944113
.49411335113860832222 .86939749034982517244
.57843976438819987017 .81572510012535707265
.65698659871878909039 .75390225434330463814
.72896904012587615207 .68454666644280634062
.79366786384915305246 .60835131453225467100
.85043662062856451751 .52607751738110518891
.89870809581162675926 .43854732757439064913
.93799997677473885794 .34663531783502581097
.96791967203148642590 .25125984258225538005
.98816823387700036855 .15337386203786452597
.99854334537460496343 .05395542056264957303
.99894134183977203630 -.04600212563953659449
.98935824662338177780 -.14550003380861352586
.96988981084508624322 -.24354415373579146446
.94073055667977290115 -.33915486098383520740
.90217183375629364000 -.43137684497062017370
.85459890808828066283 -.51928865411668529914
.79848711262349028666 -.60201190268482361534
.73439709787411314371 -.67872004732001270086
.66296923008218279220 -.74864664559739915731
.58491719289176225353 -.81109301406165556288
.50102085645788498201 -.86543520924111205963
.41211848524175656975 -.91113026188467698836
.31909836234935177079 -.94772160213111202471
.22288991410024695752 -.97484362140416374194
.12445442350706240798 -.99222532545260340775
.02477542545335812107 -.99969304203520647217
-.07515112046180930728 -.99717215619637847289
-.17432678122297998512 -.98468785579412691002
-.27176062641094312433 -.96236487983131003407
-.36647912925192774816 -.93042627210475351854
-.45753589377532104441 -.88919115262536105463
-.54402111088936981340 -.83907152907645245225
-.62507064889288236496 -.78056818016918354157
-.69987468759354286263 -.71426565202719973732
-.76768580976358197826 -.64082641759499383248
-.82782646908565347551 -.56098425742722906699
-.87969575997167009801 -.47553692799599253552
-.92277542161280675875 -.38533819077182932274
-.95663501627018807363 -.29128928172134483746
-.98093623006649140499 -.19432990645533549402
-.99543625330637736988 -.09542885100095101082
-.99999020655070345705 .00442569798805078574
-.99455258820398916353 .10423602686569723107
-.97917772915131720812 .20300486381875109779
-.95401924990208918769 .29974534327701422930
-.91932852566467582543 .39349086634789057344
-.87545217468842852695 .48330475875300588891
-.82282859496870862091 .56828962976797390965
-.76198358391903281896 .64759633865387647787
-.69352508477712287370 .72043247899083820446
-.61813711223703357915 .78607029614103912647
-.53657291800043497166 .84385395873249210465
-.44964746453460115126 .89320611150932269014
-.35822928223682805418 .93363364407463754825
-.26323179136580165060 .96473261788660959091
-.16560417544830974855 .98619230227886358345
-.06632189735120068892 .99779827917858066380
.03362304722113704943 .99943458550100475704
.13323204141994291630 .99108487181425315868
.23150982510153826290 .97283256569743550296
.32747443913769271565 .94486003815986079058
.42016703682664092186 .90744678145019621385
.50866146437237400938 .86096661646230632832
.59207351470722356530 .80588395764045031678
.66956976219660178177 .74274917270366995643
.74037588995244837029 .67219308355346833360
.80378442655162092701 .59492066330989202186
.85916181485649601140 .51170399245314870768
.90595474230846213383 .42337454445066483018
.94369566944410458697 .33081487794904764254
.97200750139497588655 .23494981853982341380
.99060735569487030787 .13673721820783359424
.99930938874791770231 .03715838479082604969
.99802665271636170663 -.06279172292408247098
.98677196427461347059 -.16211443649971755829
.96565777654927757002 -.25981735621375549347
.93489505552468303547 -.35492426678870497332
.89479117214050401923 -.44648489141226593570
.84574683114293389545 -.53358438658911831087
.78825206737531667466 -.61535248295472020601
.72288134951197629334 -.69097218071912560289
.65028784015711686582 -.75968791285882127384
.57119686965998832832 -.82081309449266847397
.48639868885379906980 -.87373698301108049213
.39674057313061270892 -.91793078041429297580
.30311835674570260252 -.95295291688718019766
.20646748193779658850 -.97845346281888421731
.10775365229944371013 -.99417762518381522326
.00796318378593663248 -.99996829334933984991
-.09190685022768093409 -.99576760887328857973
-.19085858137418903280 -.98161754360638444286
-.28790331666506529478 -.95765948032338464189
-.38207141718400780416 -.92413280007313010965
-.47242198639846677521 -.88137249036223434492
-.55805227128677874712 -.82980579807064947785
-.63810668234794857092 -.76994796054207082994
-.71178534236912306584 -.70239705750271353236
-.77835207853429759511 -.62782803524638705708
-.83714177801974720498 -.54698596279423505459
-.88756703358150421563 -.46067858741136316023
-.92912401273436892699 -.36976826386317180530
-.96139749187955685726 -.27516333805159692222
-.98406500508164312406 -.17780907112311703544
-.99690006604159614356 -.07867819473183944030
-.99977443107301113729 .02123880817364530227
-.99265938047063296207 .12094359992847555012
-.97562600546815754706 .21943996321145932072
-.94884449791812444151 .31574375491924197734
-.91258244979118418641 .40889273939888049017
-.86720217948558171946 .49795620278841482502
-.81315711166148765083 .58204425240212354864
-.75098724677167610375 .66031670824408014481
-.68131376555550101290 .73199149780894573007
-.60483282240628355250 .79635247029192360046
-.52230858962673211852 .85275655213087277784
-.43456562207189544558 .90064017238476906501
-.34248061846961255707 .93952489374825597446
-.24697366173662226750 .96902219293904950384
-.14899902581419810434 .98883734269414599557
-.04953564087836812900 .99877235658721018908
.05042268780681264180 .99872796724350155134
.14987720966295232975 .98870461818666925289
.24783420798295843887 .96880245940721047470
.34331492881989605273 .93922034669687054576
.43536536037289256798 .90025385474730480914
.52306576515769763945 .85229232386546360478
.60553986971960101830 .79581496981394401623
.68196362006813452361 .73138609564549767099
.75157341535214876707 .65964945337346143514
.81367373750710495543 .58132181181443627512
.86764410064166805686 .49718579487120405077
.91294525072762765437 .40808206181339198606
.94912455364789414195 .31490090768793556277
.97582051776697573737 .21857336778526195657
.99276640583590706837 .12006191504242743809
.99979290014266922286 .02035084333168156046
.99682979427879924756 -.07956356727854006223
.98390669461861635662 -.17868300502473315805
.96115272450211630027 -.27601710124946773703
.92879523407724062867 -.37059332583764077877
.88715752869235042720 -.46146670441591062692
.83665563853605603186 -.54772926022426842138
.77779416180109373127 -.62851908631968689416
.71116122290598193188 -.70302895746538654194
.63742259615023940764 -.77051439565856833996
.55731505351766023205 -.83030110870852600072
.47163900309419614567 -.88179172754132414718
.38125049165494146281 -.92447177491412111257
.28705265132772777101 -.95791480590171584837
.18998667579543842806 -.98178666879327658251
.09102241619984645900 -.99584884382577958029
-.00885130929040387592 -.99996082639463712645
-.10863659542407834525 -.99408153092926191832
-.20733642060675945903 -.97826970140650729015
-.30396460881104636689 -.95268332440026867165
-.39755568312143419356 -.91757805053186064290
-.48717451246050952657 -.87330464009351561902
-.57192565510956269446 -.82030545836748980113
-.65096230566624743488 -.75911005565838939341
-.72349475604424448826 -.69032987620157303569
-.78879828597541731295 -.61465214881446869209
-.84622040417517063524 -.53283302033339755521
-.89518736781968118266 -.44569000044433443734
-.93520991519453916367 -.35409379339635828403
-.96588815423607022982 -.25895959821261193590
-.98691555812064896822 -.16123796432418746083
-.99808202797939627019 -.06190529399442054875
-.99927599213662771873 .03804591356976906172
-.99048552089715633471 .13761697894187650628
-.97179844574386345216 .23581302095052190362
-.94340148175455499620 .33165289720325079137
-.90557836200662384513 .42417900733699697593
-.85870700260993020650 .51246686104436969487
-.80325572669395435102 .59563431527520919975
-.73977858507789389025 .67285038831834622875
-.66890982037802320514 .74334356269617397665
-.59135752986512436743 .80640949391225457089
-.50789659039062332309 .86141804802870214317
-.41936091607323067669 .90781959775619559857
-.32663512610472289346 .94515051414817088538
-.23064570592739429597 .97303779902799970914
-.13235175009777302890 .99120281186347359808
-.03273537933084673941 .99946405385089541602
.06720807252547563367 .99773898139113037627
.16648000353715853934 .98604483083796331021
.26408852138447078520 .96449844627814923027
.35905835402216828279 .93331511206392199386
.45044059427538805012 .89280640176291032807
.53732218100647243354 .84337706501804261168
.61883502212003869857 .78552098342290717870
.69416466825224299875 .71981623582012473314
.76255845047960273751 .64691932232864034272
.82333300073808073876 .56755860481154502682
.87588107981088965740 .48252702932510417265
.91967764466201952061 .39267420326387644884
.95428509449269738669 .29889790636447024101
.97935764310391709200 .20213512038718198561
.99464477387783800004 .10335266710397227899
.99999374285702068096 .00353754813490923456
.99535110491155920696 -.09631291684575987935
.98076324774515256112 -.19520105499812366464
.95637592840450301343 -.29213880873383619337
.92243281692308634545 -.38615760806093134523
.87927306165072396451 -.47631804821501586082
.82732790059537902761 -.56171927588114922941
.76711635263552920669 -.64150799022238405969
.69924003165509777091 -.71488696877966510271
.62437713541639253536 -.78112303305511342365
.54327566923224725582 -.83955437418922061881
.45674597214419347662 -.88959716553620810011
.36565262028262002142 -.93075139606688428395
.27090578830786901998 -.96260586631356660197
.17345215524589351156 -.98484229693923811284
.07426544558436060301 -.99723850887947381462
-.02566329986055877903 -.99967064328220974509
-.12533562609643052896 -.99211439906445051180
-.22375564018679642379 -.97464527572065771197
-.31993996188419677696 -.94743781895675808701
-.41292754924054076374 -.91076387668714704186
-.50178930102057351302 -.86498988282018897932
-.58563733997429873822 -.81057319597173186883
-.66363388421296750215 -.74805752968900035176
-.73499961804877672320 -.67806751984455967609
-.79902147865961418711 -.60130248348115419219
-.85505978077706986119 -.51852943146697973162
-.90255460821018601088 -.43057540477662867853
-.94103140834295356408 -.33831921097105524153
-.97010573370718503489 -.24268264344292155663
-.98948708325453521583 -.14462127116172259142
-.99898180494694936361 -.04511489094451205686
-.99849503066381458911 .05484226235001582623
-.98803162409286178998 .15425144988758405071
-.96769613213380556493 .25211940792662575332
-.93769174030028087579 .34746827218126061025
-.89831824255735500815 .43934534831800039612
-.84996904587932732836 .52683263096261032106
-.79312723945728514037 .60905597610635615300
-.72836076783159439688 .68519383526398589805
-.65631675617778986754 .75448546411462661507
-.57771504444573233839 .81623852360756993911
-.49334099495677705444 .86983599758520989651
-.40403764532306500604 .91474235780453127896
-.31069728509437360046 .95050891475829174997
-.21425254029588699643 .97677830083226117848
-.11566705493723764047 .99328804100429299872
-.01592586260010037843 .99987317540798279184
.08397445569174682825 .99646790755712491672
.18303572898058660367 .98310626176245325006
.28026816976902021888 .95992174317197527530
.37470026364946135306 .92714600383166412641
.46538847635495672944 .88510652809478921001
.55142668124169055066 .83422336050651027221
.63195521300688386064 .77500490885763042872
.70616945718033234384 .70804286434200773202
.77332788956622242441 .63400628957373324651
.83275948530778052525 .55363493353465374646
.88387042354583062241 .46773184024707360568
.92615002068052805338 .37715532502333499339
.95917583295307961065 .28281039846293827191
.98261787736414006252 .18563972388578851936
.99624192875486373332 .08661419855190610314
.99991186010726714572 -.01327674722305947891
.99359100268039510207 -.11303503612848138990
.97734251239225923450 -.21166391631732274227
.95132873878678180359 -.30817792062110983550
.91580960289081845137 -.40161271301212740917
.87114000016917632802 -.49103472393024046418
.81776625452644258249 -.57555047820134206405
.75622165878606479520 -.65431552234594938572
.68712114620474225992 -.72654286207923150403
.61115514626259495369 -.79151082569775769896
.52908268612002382083 -.84857027478460518659
.44172380666922506783 -.89715109018584437959
.34995136895666481830 -.93676786845266861518
.25468233284403232450 -.96702477183220158391
.15686859504840859966 -.98761948334747750508
.05748747810492456468 -.99834622744874226262
-.04246803471695010162 -.99909782605472619499
-.14199922097399887489 -.98986676944060377827
-.24011159795377725721 -.97074529127268169781
-.33582485921714324387 -.94192444704009350839
-.42818266949615100440 -.90369220509150675984
-.51626222007992578726 -.85643056935057279122
-.59918344921426297652 -.80061176245899531526
-.67611783538776636582 -.73679350748399056679
-.74629667564491722986 -.66561345533375841303
-.80901876621190645373 -.58778281356038698704
-.86365740869295528276 -.50407924020908618327
-.90966667183352699668 -.41533907371605949323
-.94658684628496136057 -.32244897649130619135
-.97404903786832673080 -.22633707568091224756
-.99177885344311573683 -.12796368962740468102
-.99959914255280291769 -.02831173268631206964
-.99743176745364816902 .07162310572916760311
-.98529838384120329010 .17084230974765246149
-.96332022447376045150 .26835451388009812130
-.93171688785470556162 .36318540841606235972
-.89080414407686204888 .45438747440426788317
-.84099077975210308510 .54104945094875536669
-.78277451355065263714 .62230544022653307586
-.71673702316065650736 .69734355925239643482
-.64353813335699946068 .76541405194534335649
-.56390922325026364828 .82583678044349920564
-.47864591858841746169 .87800802081680896419
-.38860014212734073842 .92140649527698174237
-.29467160150025623294 .95559858061283985385
-.19779879963646225778 .98024264081010812666
-.09894965755029095738 .99509244056553868875
.00088815680571474997 .99999960558866645113
.10071709699250336239 .99491510510867341547
.19953970523878878484 .97988974177364326950
.29636857870938531739 .95507364404729485758
.39023623530794484822 .92071476617499857418
.48020478043825650231 .87715641070691939921
.56537527813702524598 .82483379833241638504
.64489673294486840829 .76426971929877941341
.71797459277164413372 .69606930986388975490
.78387868779829207800 .62091400597476277130
.84195052609230340667 .53955473458481811415
.89160987304144193023 .45280441063998460425
.93236054886618950572 .36152981470127446571
.96379538628408775326 .26664293235993725152
.98560029879063277098 .16909184197889443418
.99755741890780494323 .06985124180713013451
.99954727504389189929 -.03008728888302032308
.99154998521414084577 -.12972519732818705609
.97364545569497810611 -.22806693448309955707
.94601258262690857200 -.32412990221756227506
.90892746454341498037 -.41695427111216777136
.86276064368567739488 -.50561257075657801560
.80797340366698431498 -.58921895672728352664
.74511316047934878698 -.66693806165226184438
.67480799289386787863 -.73799334192562303807
.59776036690525711580 -.80167483667462857034
.51474011692383567050 -.85734626145404983782
.42657675384457187474 -.90445136579001722146
.33415117684842054309 -.94251949105088303146
.23838687174889342723 -.97117027311268987213
.14024068382707443066 -.99011744283176556116
.04069325734986201644 -.99917168635137870432
-.05926076270338774549 -.99824253666321631455
-.15862266880470898710 -.98733927752382645822
-.25639966963301666009 -.96657085069439162885
-.35161480971681363866 -.93614476743066236998
-.44331673085032337558 -.89636503509908391710
-.53058917775020480938 -.84762911963568215159
-.61256015297546977954 -.79042397419781560051
-.68841062963766934919 -.72532117368919242315
-.75738273484682889252 -.65297120377237010249
-.81878732212684525118 -.57409696143103714299
-.87201085713927441895 -.48948653202231002763
-.91652154791563378589 -.39998531498835129395
-.95187465834696416321 -.30648757690459534755
-.97771695184002029133 -.20992751626373194969
-.99379022074054605303 -.11126992927317222629
-.99993386625880369786 -.01150056993026344081
-.99608650311959399998 .08838369930580555045
-.98228657290363477456 .18738486783417759499
-.95867195995199344260 .28451374870435256514
-.92547861367132958851 .37879986224521502280
-.88303819100541812185 .46930113277711007667
-.83177474262859828820 .55511330152062567704
-.77220047597160818797 .63537896165140828930
-.70491063741425010718 .70929612522573082005
-.63057756478032582601 .77612623637892437014
-.54994396956034652776 .83520155073144389588
-.46381551598382738881 .88593180726998167756
-.37305277108862344957 .92781012604039794027
-.27856260621955300902 .96041807272467038225
-.18128913586969201125 .98342983949828385780
-.08220428440044198968 .99661550039431518453
.01770192510541357780 .99984330864769122006
.11743126282709432019 .99308101306531578239
.21598726618822130270 .97639618026933023987
.31238519618149347036 .94995551959375963054
.40566187655533716212 .91402321737995386311
.49488531755262809624 .86895829731399334254
.57916402804426970186 .81521103318069510674
.65765592301386726442 .75331844987679565913
.72957673739285544350 .68389895763569960691
.79420786217781981330 .60764617307684672726
.85090352453411842486 .52532198881772969604
.89909724014458142993 .43774896089470831633
.93830747333355342304 .34580209005499508679
.96814244841219005864 .25040007903842584650
.98830406417163715901 .15249615320336608544
.99859087241177042667 .05306853621402456722
.99890009074502116476 -.04688932404704169298
.98922862956401752319 -.14637868168177972859
.96967312291192006981 -.24440547191551246637
.94042896294700549775 -.33999024346357317284
.90178834764880918503 -.43217794488477829495
.85413736127250148746 -.52004746713972973275
.79795211672263256339 -.60272084700785833808
.73379399839037211033 -.67937203940570778596
.66230405298624180509 -.74923517095635426896
.58419658441328564064 -.81161219234302464048
.50025201667858818830 -.86587985298712518610
.41130909615456968708 -.91149592836200368155
.31825651110248550968 -.94800463772118410323
.22202401219308098151 -.97504119810892433267
.12357312274522400406 -.99233546915092871827
.02388753150274027852 -.99971465220767150201
-.07603673605835073348 -.99710501692128332474
-.17520126968714994780 -.98453263790491504092
-.27261525014307509105 -.96212313421382223644
-.36730534913419130275 -.93010041420128925367
-.45832545449176459141 -.88878443830037743551
-.54476612341030872176 -.83858802208504283385
-.62576366929947581037 -.78001271155337992681
-.70050879145497025262 -.71364377184579772354
-.76825466132366679904 -.64014433946919973131
-.82832438456764468516 -.56024879645621076098
-.88011776436866061610 -.47475543266266136496
-.92311729839635796320 -.38451846951922792100
-.95689334952048816051 -.29043952493326537714
-.98110843860309699501 -.19345860462071221645
-.99552061647851527390 -.09454470987970137765
-.99998588142944443020 .00531384435010144622
-.99445961800451513101 .10511930440368146328
-.97899704280112945241 .20387444711548209864
-.95375265275947181836 .30059254374363708368
-.91897868148015257642 .39430721903739002689
-.87502257898944804227 .48408210693915878460
-.82232354013348965556 .56902020644466135491
-.76140811628853994870 .64827284414044155335
-.69288495423369567559 .72104815386808213440
-.61743871475346295283 .78661898878910354597
-.53582323173351724027 .84433018679581122927
-.44885398010170202449 .89360511667450790344
-.35739992787210997901 .93395143961397189152
-.26237485370392878591 .96496602849211327406
-.16472821672713359809 .98633899578892170182
-.06543566986070978862 .99785678988013114415
.03451068858880557453 .99940432877445877345
.13411222764565854796 .99096614997482081455
.23237376165548453391 .97262656497449218381
.32831349385140205092 .94456881684453536045
.42097282614276855090 .90707324932960643633
.50942593711043171961 .86051450574592783357
.59278903250831377390 .80535778566911322545
.67022917584337473449 .74215419681378253946
.74097261080171868319 .67153524854744946515
.80431249236591237893 .59420654205767050032
.85961594937674755267 .51094072021821962903
.90633040797266432494 .42256974759689534956
.94398911272511927827 .32997659774057015434
.97221579030453863157 .23408643079538242928
.99072840907904791518 .13585734961237352398
.99934199708131039796 .03627082670050684191
.99797049018728111273 -.06367810232221004457
.98662759204048529658 -.16299078079570548100
.96542663712974210897 -.26067490926507916423
.93457945838841575180 -.35575446020874491664
.89439427062976795242 -.44727943018279457140
.84527259096642612404 -.53433533194138011560
.78770522698411790408 -.61605233169098491038
.72226737275451398116 -.69161394018215968489
.64961286168619784281 -.76026517080020757108
.57046763363737579912 -.82132008314187276037
.48562248156477759853 -.87416863670510808451
.39592515018183418150 -.91828278621211889119
.30227186557372822372 -.95322175766323020617
.20559838040260394685 -.97863645240499097266
.10687062417628567864 -.99427293520852266182
.00707505199992951642 -.99997497150638640039
-.09279121175730868803 -.99568558843673653821
-.19173033639936443947 -.98144764409732348570
-.28875375489774070053 -.95740339932154799530
-.38289204132647982061 -.92379309625523900056
-.47320459704556609831 -.88095255793654598856
-.55878904885161624581 -.82930983286315014772
-.63879026519264267161 -.76938091807316955868
-.71240890035985203111 -.70176460347332026188
-.77890938128573892846 -.62713648892810197822
-.83762725714702830163 -.54624223388927565143
-.88797583833766334627 -.45989010701310369690
-.92945205847741543564 -.36894291020711472319
-.96164150088486372875 -.27430935779864789803
-.98422253929188798546 -.17693499696167519532
-.99696955142702411474 -.07779276012199540757
-.99975517335861983659 .02212675626195573456
-.99255157207313883335 .12182518941147059817
-.97543072357343163345 .22030638553843963658
-.94856369371830723229 .31658635308471751705
-.91221892898901872758 .40970309444050774476
-.86675957426075924728 .49872621790648561785
-.81263984437910875594 .58276623386011127341
-.75040048579544048560 .66098344224191192820
-.68066337360712582631 .73259632256090819465
-.60412529798712596792 .79688934258902361915
-.52155100208691188018 .85322010772258411396
-.43376554097568529145 .90102577957685044496
-.34164603796285417093 .93982869968110891195
-.24611292067186354215 .96924116208421782190
-.14812072443163494121 .98896928718431274842
-.04864855487508726214 .99881595807664468020
.05130969496069807658 .99868279008053408750
.15075527528516629166 .98857111376657862037
.24869455873205367107 .96858196166203152512
.34414896835558174221 .93891505876718624318
.43616475524782495908 .89986682696919378650
.52382252808253122118 .85182742329255037324
.60624643936934341789 .79527684157907742707
.68261293663240638855 .73078011654811896663
.75215899107447541257 .65898167815640156585
.81418972150843449229 .58059891266692696406
.86808533738042083449 .49641499476256852311
.91330733151216352916 .40727106232352308757
.94940386068670202592 .31405781205565527431
.97601426031645049405 .21770659994343765952
.99287264808453711816 .11918013544881928543
.99981058055302527252 .01946286243651130408
.99675873619406538608 -.08044887706369533969
.98374760802768656482 -.17955679797714469201
.96090719894562011328 -.27687064671879257965
.92846572276537859788 -.37141809547969405637
.88674732399322871985 -.46225445740506153945
.83616883907943262638 -.54847212559304589060
.77723563152622470246 -.62920964160288473871
.71053654246274820875 -.70366030286288227675
.63673800713913788077 -.77108022297584522938
.55657739612579478746 -.83079576438606745794
.47085564775038918806 -.88221026914311160558
.38042926538684546188 -.92481002051082097116
.28620175955675222942 -.95816937585513501106
.18911462035089150933 -.98195501952459012366
.09013791037146687147 -.99592929323012956801
-.00973942781275771759 -.99995257064816833312
-.10951945285370403353 -.99398465252066407316
-.20820519572405404004 -.97808516831281535862
-.30481062110221670562 -.95241298041515629269
-.39837047951132139850 -.91722459684306321912
-.48794995177292172221 -.87287160829345535852
-.57265398941121641546 -.81979717516677162402
-.65163625768155586821 -.75853159965473878782
-.72410759186744958915 -.68968702713616634592
-.78934388235355020599 -.61395132982266981299
-.84669330968957120105 -.53208123376691258242
-.89558285735477131037 -.44489475790602808969
-.93552403714961569187 -.35326304068680108507
-.96611777000839294701 -.25810163593826744570
-.98705837346532170889 -.16036136496049630776
-.99813661593270354073 -.06101881623245951037
-.99924180727378445121 .03893341233723305947
-.99036290478201204577 .13849663112052705146
-.97158862351610916466 .23667603734656427087
-.94310654988853242385 .33249065484213101764
-.90520126736404677237 .42498313562131322725
-.85825151299581634734 .51322932539011455385
-.80272639320996308278 .59634749739067718731
-.73918069664922286727 .67350716232358625288
-.66824935090821607005 .74393736632242630095
-.59064107854680125302 .80693439406997106422
-.50713131576852959503 .86186880008901582590
-.41855446451842413808 .90819169795351863767
-.32579555541456172953 .94544024458033160104
-.22978140481468942476 .97324226480429209915
-.13147135437354263431 .99131997002944834856
-.03184768561814719717 .99949273380088544802
.06809419468449955838 .99767889656455572042
.16735570030280692152 .98589658158254969743
.26494504308412813141 .96426351385145206488
.35988714257414004792 .93299584383309049859
.45123336869842400359 .89240598775057092545
.53807102016059398313 .84289950602864732213
.61953244385195117577 .78497105106801802604
.69480370415453810806 .71919942484204830194
.76313271551678193083 .64624179569877897123
.82383675704371930482 .56682713215202376229
.87630929401850135098 .48174891926894423741
.92002603819679068335 .39185723042955000516
.95455018632159217635 .29805023367448256438
.97953678451700890010 .20126521750684809550
.99473617495334349141 .10246922581532081029
.99999649034560658336 .00264939549126952861
.99526517136122776903 -.09719690671675680565
.98058949177553283950 -.19607204956189501135
.95611608612780736112 -.29298810530061328110
.92208948459745106841 -.38697672074015905701
.87884966973925623250 -.47709879270356600637
.82682867949010346771 -.56245385123817203106
.76654629038870917488 -.64218905681373047518
.69860482414026596752 -.71550772161308508192
.62368312941706547176 -.78167726977348903973
.54252979902696232516 -.84003655704246816385
.45595569022148997590 -.89000247671264638473
.36482582287823713206 -.93107578583121639894
.27005073650816845040 -.96284609347049634049
.17257739244581532309 -.98499596121842197341
.07337971212464503968 -.99730407491822884948
-.02655115402396679446 -.99964745596634996483
-.12621672981821579019 -.99200269007397127976
-.22462118976982501976 -.97444616121486581383
-.32078130904314773850 -.94715328842197689057
-.41373628751271424768 -.91039677305842679073
-.50255734976048729188 -.86454387407563952023
-.58635702509282675237 -.81005273848329785043
-.66429801485430169080 -.74746782369586583439
-.73560155843908127764 -.67741445749407717520
-.79955521440948422291 -.60059258995645601694
-.85551997897532225899 -.51776979978950506565
-.90293667070854513205 -.42977362493499800078
-.94133151769922887519 -.33748329408441294707
-.97032089132789159687 -.24182094171648158982
-.98961513935584858225 -.14374239443429482012
-.99902148003463493056 -.04422762066183891856
-.99844592831751104273 .05572906087656242282
-.98789423492698231759 .15512891606026347144
-.96747182889548081401 .25297877439349233880
-.93738276415332339445 .34830095243664621568
-.89792768068929126040 .44014302249604070593
-.84950080065524041817 .52758732896659438318
-.79258598942867285172 .60976015724329815096
-.72775192098982915142 .68584046358873684362
-.65564639591925657560 .75506807873071250263
-.57698986878854262445 .81675130322233362554
-.49256824961638635622 .87027381867424306781
-.40322505131547885883 .91510084580423672615
-.30985296159030793840 .95078448777507679393
-.21338492349669819989 .97696820543163443138
-.11478481378318722054 .99339037972227163756
-.01503781215316945451 .99988692570992545659
.08485944232504297167 .99639293205455984180
.18390880930634575867 .98294330958581845960
.28112062025722938515 .95967244248555487603
.37552356689662501212 .92681284556550898042
.46617440618717709260 .88469284105616725852
.55216738490787793417 .83373327811956467170
.63264328964084979943 .77444332786357184087
.70679803174779814550 .70741539587249479425
.77389068155788909778 .63331920308629983233
.83325087149210163553 .55289509417036169420
.88428549415448310992 .46694664023629254251
.92648462846519436398 .37633260982502002846
.95942663462338198667 .28195838837539748084
.98278236699269285248 .18476693191217951936
.99631846281567147987 .08572934534112252672
.99989967389729305481 -.01416482051022906580
.99349021796022100935 -.11391745615730958802
.97715413616949412036 -.21253186623857078079
.95105465325437463665 -.30902272816607070291
.91545254662080841266 -.40242593714306810285
.87070354074978624707 -.49180823918046078246
.81725475291591670265 -.57627655586215195242
.75564022573941553833 -.65498690768937139644
.68647559120877553328 -.72715284684484465254
.61045191948943834629 -.79205331511941813430
.52832881397913884802 -.84903984848733483891
.44092682160184645401 -.89754305634442600328
.34911923417413757358 -.93707831067081244838
.25382336276203627306 -.96725058827388248729
.15599137221206528734 -.98775841772945519439
.05660076743484341678 -.99839689158459761752
-.04335537350086121224 -.99905971372516108547
-.14287832187592631318 -.98974026145141695773
-.24097367728810108725 -.97053165164988313956
-.33666130337212044281 -.94162581040017434547
-.42898512099827671727 -.90331155531305691600
-.51702266109904597403 -.85597170976035244951
-.59989428167508296897 -.80007927783035114298
-.67677195688730762215 -.73619271822731596016
-.74688755041738015395 -.66495036433671154024
-.80954049043188182777 -.58706404620902159865
-.86410476946449621096 -.50331197818918422461
-.91003519927568205233 -.41453098325610072086
-.94687285819334750652 -.32160813176404732161
-.97424967650649833981 -.22547187812892173809
-.99189211409612251419 -.12708278401862573441
-.99962389355763901395 -.02742392073839892530
-.99736776150645485632 .07250895329270300904
-.98514626046824737085 .17171734183077755609
-.96308150364149919973 .26920998745148546899
-.93139395478278431603 .36401277586656862408
-.89040022540578796539 .45517846895181892320
-.84050991130371977491 .54179616923730008682
-.78222150000354237067 .62300042129376458632
-.71611739004338003582 .69797985907722115583
-.64285807183884113393 .76598531283024439712
-.56317552828111445408 .82633729453854837720
-.47786592100588182676 .87843278715061649836
-.38778163540943043773 .92175126972474931639
-.29382276389553427740 .95585991830225265424
-.19692811244968662215 .98041793054136029546
-.09806582040002098523 .99517993090157863571
.00177631291083127967 .99999842235497692514
.10160069789024950052 .99482526012773431721
.20040992228107387588 .97971213274680534030
.29721671697517835817 .95481004558524452339
.39105382048005127099 .92036781206643457514
.48098364347589434597 .87672956760260672661
.56610763689818032361 .82433133110755775991
.64557526994288487873 .76369664843979204126
.71859252828913232729 .69543136130536459717
.78442984762782357743 .62021755388781885478
.84242940322705075023 .53880673768849173050
.89201168269937045730 .45201234267200894610
.93268127629801780844 .36070158974296268578
.96403182688733539672 .26578682576129802913
.98575009012894897695 .16821640767407015549
.99761906431565168954 .06896522684631449654
.99952015858073124386 -.03097503173121645752
.99143437781870917887 -.13060579803067328189
.97344251247815585680 -.22893159436874452307
.94572433133023411975 -.32496998189060717447
.90855678527856148583 -.41776137677421295923
.86231124015732900000 -.50637863807464199724
.80744976616664322104 -.58993633140995239461
.74452052101982685765 -.66759957592883891392
.67415227293274409730 -.73859238616412429840
.59704811817963083003 -.80220542542304061504
.51397845598753521169 -.85780309324498785540
.42577329096190112537 -.90482987611123467228
.33331393995491363123 -.94281589795236918799
.23752422623883655223 -.97138161499466417970
.13936124896925138715 -.99024160803600367052
.03980582016666965807 -.99920743426020342793
-.06014733523296269192 -.99818951009533936335
-.15949951834101292350 -.98719800630318580583
-.25725803498533075804 -.96634274635632585976
-.35244611438227543732 -.93583210911831616803
-.44411266870750836850 -.89597094679096314833
-.53134179605114607944 -.84715753893189328364
-.61326193180688685545 -.78987961297686703631
-.68905455705745595108 -.72470947102846198497
-.75796237694506061803 -.65229827160264179262
-.81929688731128077220 -.57336952346810908572
-.87244525400303071112 -.48871185658584877935
-.91687643610884070841 -.39917114237924432196
-.95214649194410563240 -.30564204206642316578
-.97790301476964991017 -.20905906750110091705
-.99388865392337518973 -.11038724383904755811
-.99994368618300720794 -.01061246732572589893
-.99600761166773527733 .08926834545309911721
-.98211975833302274473 .18825721843234856677
-.95841888901867609517 .28536508751458478689
-.92514181497641850195 .37962168297153184977
-.88262102973014200099 .47008522405847196548
-.83128138691052450803 .55585182897613537771
-.77163585525799002353 .63606454615885506855
-.70428039320861923747 .70992191665134037742
-.62988799427445387856 .77668598202163115768
-.54920196271478647139 .83568965779781329688
-.46302848668570520653 .88634339875555327355
-.37222858307452868100 .92814108945910195617
-.27770949450368215343 .96066510119942908843
-.18041562446230880992 .98359046480223422250
-.08131910113878453375 .99668811761251580195
.01858993576279749088 .99982719221290189056
.11831322817125340699 .99297632400762553589
.21685437391297570736 .97620396460719791577
.31322878243308515263 .94967769788254320471
.40647351249879275837 .91366256552235616218
.49565689358989177088 .86851841882415982872
.57988783484262624461 .81469632317909169974
.65832472853504621404 .75273405117561787438
.73018385915316689224 .68325070935359308566
.79474723401732250106 .60694055229636388532
.85136975722768466634 .52456604586846189889
.89948567524925314955 .43695024890872313130
.93861422973416431544 .34496858949843739746
.96836446110018540435 .24954011797333812437
.98843911486962614607 .15161832407644535289
.99863761173782057462 .05218161000373528608
.99885805169523654757 -.04777648546718513827
.98909823217868732646 -.14725721408812384084
.96945567007861486804 -.24526659730265725860
.94012662738255532654 -.34082535775130050213
.90140415019023518007 -.43297870388717727137
.85367514069381092530 -.52080586993754411977
.79741649137905791069 -.60342931589102700868
.73319032007329216636 -.68002349558733879542
.66163835344985131175 -.74982310530162354339
.58347551510730120147 -.81213073040629950503
.49948278228916137717 -.86632381370748329307
.41049938261744457421 -.91186087583068111550
.31741440880766933949 -.94828692550370943350
.22115793514834154762 -.97523800567908650095
.12269172450610533465 -.99244483007254259749
.02299961870909612559 -.99973547378255824071
-.07692229167539122473 -.99703709110714935221
-.17607561994858707696 -.98437664339404189491
-.27346965883011834840 -.96188062965179763185
-.36813127927766971405 -.92977382261353558984
-.45911465367070072743 -.88837702288208272133
-.54551070620738121711 -.83810385359639303811
-.62645619608950266611 -.77945662764586881438
-.70114234273918444169 -.71302132872601224467
-.76882290686706066422 -.63946175638304044253
-.82882164664858563808 -.55951289354824259609
-.88053907450880888481 -.47397356283148358230
-.92345844700405980260 -.38369844494974184477
-.95715092795162415055 -.28958953903990522836
-.98127987321912733405 -.19258715018155646897
-.99560419436142533656 -.09366049417944153719
-.99998076749665535410 .00620198652047123392
-.99436586335275290317 .10600249902117563232
-.97881558419588331352 .20474386959142797279
-.95348530327514314776 .30143950709604787252
-.91862811238441479628 .39512326068841730339
-.87459229305282302841 .48485907327037299025
-.82181783663082254487 .56975033426531192000
-.76083204804206603787 .64894883825469270694
-.69224427712691088696 .72166325996619822422
-.61673983022023858529 .78716706093427923912
-.53507312279708875992 .84480574883234049450
-.44806014160260917646 .89400341694372164938
-.35657029158222757922 .93426849843124069873
-.26151770907482404311 .96519867791054070337
-.16385212806460618269 .98648491125242249949
-.06454939075307926546 .99791451344962724969
.03539830273366068362 .99937328369512465698
.13499230808060907775 .99084664643882704372
.23323751490774037231 .97241979702166779137
.32915228958398552215 .94427685043191656967
.42177828338598868633 .90669900168907686963
.51019000800176302964 .86006171623620184003
.59350408270397833300 .80483097841329967468
.67088806079818163172 .74155863549584219408
.74156874715499789712 .67087688381920478737
.80483992372027842275 .59349195208185966593
.86006940581245322683 .51017704494166889902
.90670535870289682727 .42176461741053053475
.94428181136612435852 .32913805723907275658
.97242331230824867403 .23322285839825877336
.99084868095419950326 .13497737384955658765
.99937381711108361315 .03538323999893737841
.99791354043645676448 -.06456443148960710864
.98648244153214853700 -.16386699652087098410
.96519473615979186003 -.26153225669012566306
.93426312403468748744 -.35658437300160272618
.89399666360055789051 -.44807361612917015236
.84479768401973872189 -.53508585579782025379
.78715776523318109707 -.61675169447120625849
.72165282625617633511 -.69225515408444087044
.64893737078592868350 -.76084182902719413618
.56973794761696301115 -.82182642391517852187
.48484589120573501672 -.87459960083510017799
.39510941491832271658 -.91863406764766823681
.30142513596285465444 -.95348984651635099919
.20472911668674852504 -.97881867002048122285
.10598751175115685002 -.99436746092820152610
.00618691463296101193 -.99998086086050889622
-.09367550009112530034 -.99560278258082303526
-.19260194018330452404 -.98127697040011429490
-.28960396535490903337 -.95714656309820840745
-.38371236343503058742 -.92345266372841385694
-.47398683441815309701 -.88053193059551129412
-.55952538563098588437 -.82881321347725660812
-.63947334414509606697 -.76881326869916047884
-.71303189638629215036 -.70113159587610080480
-.77946606961580468855 -.62644444791033906880
-.83811207553494238180 -.54549807409606043032
-.88838394263835336106 -.45910126384310344763
-.92977937104761023667 -.36811726552052720471
-.96188475132555708037 -.27345516116425964525
-.98437929712508438493 -.17606078322989714897
-.99703825038027151401 -.07690726414745885452
-.99973512701468624240 .02301468689617927807
-.99244298072846638985 .12270668279599481498
-.97523467223684078159 .22117263408274933334
-.94828214126994723213 .31742870151970164974
-.91185468860788472661 .41051312629904732460
-.86631628531633767424 .49949583961801105013
-.81212193606800042804 .58348775561888411014
-.74981313288629227087 .66164965484102189488
-.68001244473605287521 .73320056942428559074
-.60341729702023956392 .79742558628174703501
-.52079300313583914815 .85368299027493445495
-.43296511771538420978 .90141067601937325529
-.34081118795795691556 .94013176425578035199
-.24525198546765432522 .96945936666998760380
-.14724230620808687947 .98910045155308870680
-.04776143049672358826 .99885877167741118154
.05219666164033308450 .99863682513394456773
.15163322198820192408 .98843682953918541072
.24955471330524379156 .96836069987744627456
.34498273641876033451 .93860903020002110565
.43696380606611182155 .89947908935573228124
.52457887780428111496 .85136185077885719308
.60695253079815259564 .79473808601181158244
.68326171473612098369 .73017356099481966479
.75274397347674063717 .65831338311965676469
.81470506325845638531 .57987555552983484903
.86852588935378251126 .49564380307053283954
.91366869185917428062 .40645974156900857531
.94968241881422437012 .31321446868745405724
.97620723296375330249 .21683966036971255031
.99297810713271681752 .11829826184321882297
.99982747229013257781 .01857486618859399116
.99668689184344678703 -.08133412338895284675
.98358774543434485760 -.18043044929108395011
.96066091540374442059 -.27772397378627543649
.92813547905870882649 -.37224257213873464932
.88633641980771785838 -.46304184575741848390
.83568138003387543424 -.54921455831457842075
.77667648815027184974 -.62989970055125493047
.70991130153218398976 -.70429109319718117646
.63605291585466331991 -.77164544204756408469
.55583929969306328462 -.83128976471307823864
.47007192098497435395 -.88262811483744161751
.37960773902752169648 -.92514753659641389170
.28535064202334138621 -.95842318998283158033
.18824241572844537823 -.98212259566752619342
.08925333344026041811 -.99600895702287822919
-.01062753865243013601 -.99994352611644578987
-.11040222389190282266 -.99388699003444157245
-.20907380660437082640 -.97789986368337230984
-.30565639295185994678 -.95214188514509652415
-.39918496165754446232 -.91687041962671298597
-.48872500617935155013 -.87243788795248501010
-.57338187199042288494 -.81928824529145925267
-.65230969567141353958 -.75795254530416866467
-.72471985649817280744 -.68904363402999944789
-.78988885607933656362 -.61325002653214547498
-.84716554731309700373 -.53132902748268967696
-.89597764043380329249 -.44409916442465223280
-.93583742114212610168 -.35243200931534994450
-.96634662368511959568 -.25724347006750211238
-.98720041019597571149 -.15948463910012554711
-.99819041653322330334 -.06013229033747310835
-.99920683418635369443 .03982088039313889816
-.99023950744615981203 .13937617404989565210
-.97137803487722555337 .23753886704718362028
-.94281087407868581110 .33332815020484610627
-.90482345867819171726 .42578692866929896621
-.85779534637345496616 .51399138488893412583
-.80219642651719737292 .59706020909372176610
-.73858222513806324630 .67416340505111018350
-.66758835430817366522 .74453058311402116914
-.58992416131740726185 .80745865769954665438
