1
0.995004
0.979672
0.95321
0.914502
0.862308
0.795545
0.713625
0.616814
0.50656
0.385705
0.258513
0.130544
0.00798336
-0.103329
-0.198818
-0.275824
-0.333829
-0.374243
-0.399884
-0.414316
-0.421236
-0.424031
-0.425532
-0.427943
-0.432892
-0.441534
-0.454656
-0.472769
-0.496148
-0.524836
-0.558599
-0.596846
-0.638518
-0.681968
-0.724869
-0.764173
-0.796188
-0.816813
-0.82194
-0.808029
-0.772759
-0.715623
-0.638299
-0.544642
-0.44025
-0.331645
-0.225274
-0.126573
-0.0393182
0.0346169
0.0951174
0.143416
0.181574
0.212008
0.237121
0.259085
0.279744
0.30059
0.322787
0.347201
0.374415
0.404722
0.438082
0.474063
0.511753
0.549677
0.585755
0.617313
0.64121
0.654106
0.65287
0.635082
0.599563
0.546777
0.478986
0.400065
0.314976
0.22902
0.14703
0.0727287
0.00837417
-0.0452654
-0.0886704
-0.123184
-0.150607
-0.172863
-0.191764
-0.208898
-0.225577
-0.242847
-0.261504
-0.282119
-0.305035
-0.330348
-0.357867
-0.387052
-0.416947
-0.446129
-0.472698
-0.494331
-0.508451
-0.512493
-0.504277
-0.482429
-0.446742
-0.398397
-0.33993
-0.274933
-0.207517
-0.141688
-0.0807736
-0.0270369
0.0184438
0.0556656
0.0854342
0.109043
0.127981
0.143717
0.157574
0.170668
0.183903
0.19798
0.213419
0.230564
0.249574
0.270398
0.292734
0.315978
0.339172
0.360987
0.379734
0.393462
0.400132
0.397876
0.385321
0.361895
0.328062
0.285377
0.236346
0.18407
0.131773
0.0823211
0.0378518
-0.000407755
-0.0321257
-0.0576988
-0.0780086
-0.0941791
-0.107381
-0.118702
-0.129085
-0.139303
-0.14997
-0.161548
-0.174364
-0.188603
-0.204298
-0.221298
-0.239235
-0.25748
-0.275115
-0.290932
-0.303481
-0.311175
-0.312472
-0.306106
-0.291343
-0.268196
-0.237528
-0.201013
-0.160921
-0.119779
-0.0799835
-0.0434675
-0.0114929
0.0154009
0.0373081
0.054784
0.0686491
0.0798179
0.0891761
0.0975108
0.105482
0.113618
0.12233
0.131915
0.142565
0.154358
0.167239
0.180994
0.19522
0.209296
0.22237
0.233382
0.241122
0.24435
0.241965
0.233197
0.217796
0.196157
0.169338
0.138947
0.106909
0.0751755
0.0454328
0.0188965
-0.00377992
-0.0224779
-0.0374998
-0.0494189
-0.0589327
-0.0667515
-0.0735265
-0.0798153
-0.0860734
-0.0926588
-0.0998397
-0.107801
-0.11664
-0.126361
-0.136852
-0.14786
-0.158975
-0.169606
-0.178988
-0.186216
-0.190318
-0.19037
-0.185644
-0.175761
-0.160813
-0.141415
-0.118662
-0.0939801
-0.0689154
-0.0448949
-0.0230361
-0.00403418
0.0118524
0.0247366
0.0349927
0.0431377
0.0497307
0.0553049
0.0603276
0.0651882
0.0701967
0.0755915
0.0815437
0.0881588
0.0954713
0.103433
0.111896
0.120592
0.129119
0.136934
0.143372
0.147684
0.149121
0.147036
0.141005
0.130939
0.117147
0.100339
0.0815394
0.0619393
0.0427133
0.0248495
0.00903398
-0.00439274
-0.0154071
-0.0242279
-0.0312239
-0.0368258
-0.0414636
-0.0455258
-0.0493425
-0.0531812
-0.0572508
-0.0617064
-0.066652
-0.0721384
-0.0781562
-0.0846241
-0.0913733
-0.0981345
-0.104529
-0.110074
-0.114205
-0.11633
-0.115898
-0.112494
-0.105931
-0.0963176
-0.0840825
-0.0699352
-0.0547687
-0.0395236
-0.0250463
-0.0119783
-0.000698119
0.00867814
0.0162516
0.0222701
0.0270572
0.0309543
0.0342806
0.0373136
0.0402828
0.0433699
0.0467129
0.0504098
0.0545179
0.0590504
0.0639684
0.0691702
0.074479
0.0796348
0.0842928
0.0880356
0.0904032
0.0909436
0.0892794
0.0851829
0.0786377
0.0698758
0.0593669
0.0477607
0.0357902
0.02416
0.0134456
0.00403076
-0.00391155
-0.010395
-0.0155734
-0.0196807
-0.0229823
-0.0257378
-0.0281784
-0.0304993
-0.0328575
-0.0353746
-0.0381402
-0.0412125
-0.0446165
-0.0483397
-0.0523243
-0.0564574
-0.0605637
-0.0644009
-0.0676644
-0.0700049
-0.0710613
-0.0705072
-0.0681092
-0.0637813
-0.0576224
-0.0499257
-0.0411482
-0.0318454
-0.0225876
-0.0138746
-0.00607188
0.000617027
0.00614643
0.0105961
0.014128
0.0169436
0.0192499
0.0212385
0.0230739
0.024891
0.0267959
0.0288687
0.0311651
0.0337157
0.0365238
0.0395596
0.0427537
0.0459902
0.0491014
0.0518687
0.0540315
0.0553073
0.055425
0.0541666
0.0514122
0.0471767
0.0416269
0.0350715
0.0279199
0.0206216
0.0135966
0.00717883
0.00158073
-0.00311279
-0.00692695
-0.00996622
-0.0123785
-0.0143265
-0.0159662
-0.0174358
-0.0188497
-0.0203005
-0.0218588
-0.0235759
-0.0254842
-0.0275955
-0.0298976
-0.0323501
-0.0348781
-0.0373677
-0.0396643
-0.0415766
-0.0428884
-0.0433805
-0.0428612
-0.0412006
-0.0383642
-0.0344324
-0.0296029
-0.0241681
-0.0184721
-0.0128593
-0.00762248
-0.00296952
0.000993043
0.00425127
0.00686455
0.00893742
0.0105945
0.0119615
0.0131528
0.0142657
0.0153794
0.016556
0.0178419
0.0192684
0.0208517
0.0225905
0.0244629
0.0264223
0.0283924
0.0302658
0.0319042
0.0331451
0.0338159
0.0337545
0.0328362
0.0310003
0.028271
0.0247661
0.0206859
0.0162876
0.0118449
0.00760825
0.00376901
0.000443861
-0.00232717
-0.00456983
-0.00635326
-0.00777072
-0.00892144
-0.00989908
-0.0107856
-0.0116487
-0.0125422
-0.0135075
-0.014574
-0.0157592
-0.0170681
-0.0184906
-0.0199987
-0.0215431
-0.0230498
-0.0244204
-0.0255352
-0.0262607
-0.0264648
-0.0260349
-0.0249006
-0.0230519
-0.0205502
-0.0175272
-0.0141688
-0.0106874
-0.00728944
-0.00414652
-0.00137508
0.000969857
0.00288838
0.00442261
0.00563949
0.00661576
0.00742728
0.00814235
0.00881845
0.00950211
0.0102296
0.0110275
0.0119137
0.0128962
0.0139723
0.0151263
0.0163268
0.0175242
0.0186498
0.0196161
0.0203223
0.0206628
0.020542
0.0198888
0.0186743
0.0169225
0.0147151
0.0121809
0.00948086
0.00678093
0.0042293
0.00193566
-3.69847e-05
-0.00167191
-0.00298974
-0.00403637
-0.00486976
-0.00555032
-0.00613433
-0.00667024
-0.00719792
-0.00774914
-0.00834745
-0.00900984
-0.00974578
-0.0105569
-0.0114352
-0.0123618
-0.0133038
-0.0142139
-0.0150294
-0.0156755
-0.0160704
-0.016134
-0.0158016
-0.0150354
-0.0138363
-0.0122496
-0.010362
-0.00829054
-0.00616647
-0.0041125
-0.00222889
-0.000579938
0.000806302
0.00193539
0.00283593
0.00355041
0.00412613
0.00460869
0.0050388
0.00545031
0.00587064
0.00632083
0.00681627
0.00736672
0.00797623
0.00864178
0.00935239
0.010087
0.0108137
0.011488
0.0120554
0.0124533
0.0126176
0.0124918
0.012036
0.0112378
0.0101177
0.00873077
0.00716026
0.00550571
0.00386758
0.00233299
0.000964448
-0.000204623
-0.00116831
-0.00194243
-0.00255674
-0.00304705
-0.00345016
-0.00379968
-0.00412422
-0.00444758
-0.0047878
-0.00515896
-0.00557041
-0.00602728
-0.00652963
-0.00707155
-0.00764018
-0.00821406
-0.0087626
-0.00924635
-0.00961834
-0.00982839
-0.00982898
-0.0095827
-0.00907004
-0.00829583
-0.00729233
-0.00611618
-0.00484116
-0.0035472
-0.00230755
-0.00117999
-0.000200361
0.000618517
0.00128263
0.00181115
0.00223088
0.00257069
0.00285822
0.00311744
0.00336844
0.00362718
0.00390595
0.00421363
0.0045554
0.0049333
0.00534475
0.00578189
0.00623095
0.00667107
0.00707412
0.00740576
0.00762731
0.00769997
0.00759059
0.00727743
0.0067558
0.00604206
0.00517303
0.00420156
0.00318936
0.00219719
0.00127553
0.00045976
-0.000232428
-0.000800014
-0.00125462
-0.00161511
-0.00190383
-0.00214303
-0.0023526
-0.00254965
-0.00274801
-0.00295824
-0.00318849
-0.00344408
-0.00372761
-0.00403851
-0.00437272
-0.00472128
-0.00507033
-0.00540024
-0.00568604
-0.00589865
-0.00600737
-0.00598371
-0.00580662
-0.00546628
-0.00496837
-0.00433558
-0.0036044
-0.00282098
-0.00203389
-0.0012868
-0.00061284
-3.1352e-05
0.000451982
0.000842184
0.00115246
0.00139928
0.00159997
0.00177163
0.00192815
0.00208145
0.00224102
0.00241369
0.00260484
0.00281709
0.00305134
0.00330544
0.00357413
0.00384825
0.00411439
0.0043546
0.0045473
0.00466877
0.00469571
0.00460881
0.00439602
0.00405705
0.00360364
0.00306025
0.00246061
0.00184248
0.00124225
0.00068967
0.000204116
-0.000205338
-0.000539511
-0.000806391
-0.00101787
-0.00118822
-0.0013302
-0.00145614
-0.00157595
-0.00169784
-0.0018279
-0.00197077
-0.0021295
-0.00230539
-0.00249791
-0.00270367
-0.00291717
-0.00312912
-0.00332707
-0.00349528
-0.00361562
-0.00366956
-0.00364006
-0.00351536
-0.00329107
-0.00297219
-0.00257406
-0.00212054
-0.00164004
-0.00116218
-0.000712559
-0.000310034
3.46899e-05
0.000319839
0.000549048
0.000730872
0.000876188
0.0009951
0.00109756
0.00119227
0.00128615
0.00138462
0.00149179
0.00161046
0.00174236
0.00188744
0.00204426
0.00220925
0.00237632
0.00253695
0.00267953
0.00279081
0.00285625
0.0028618
0.00279611
0.00265312
0.00243384
0.00214666
0.00180778
0.00143814
0.00106147
0.000698842
0.00036779
7.91699e-05
-0.00016281
-0.000359178
-0.000515938
-0.000640213
-0.000740647
-0.000825167
-0.000900984
-0.000974119
-0.00104898
-0.00112951
-0.00121826
-0.00131685
-0.00142604
-0.00154495
-0.00167167
-0.00180221
-0.00193071
-0.00204927
-0.00214767
-0.00221509
-0.00224
-0.00221282
-0.00212651
-0.00197953
-0.00177604
-0.0015263
-0.00124536
-0.000951283
-0.000661476
-0.000391349
-0.000151455
5.28991e-05
0.000220776
0.000355482
0.000462353
0.000547647
0.000618219
0.000679612
0.00073725
0.000794709
0.000855505
0.000921965
0.000995815
0.00107753
0.00116742
0.0012641
0.0013653
0.00146705
0.00156373
0.00164813
0.00171208
0.0017463
0.00174284
0.0016951
0.00159985
0.00145844
0.00127727
0.00106628
0.00083895
0.000609621
0.000390939
0.000192985
2.16216e-05
-0.000121385
-0.000236899
-0.000328839
-0.000401855
-0.000461042
-0.000511408
-0.000557303
-0.000601947
-0.000648081
-0.00069797
-0.000753045
-0.000814319
-0.00088191
-0.000955462
-0.00103337
-0.00111312
-0.0011909
-0.00126159
-0.00131899
-0.00135624
-0.00136656
-0.00134408
-0.00128525
-0.00118938
-0.00105992
-0.000903577
-0.000729978
-0.0005503
-0.000375013
-0.000212871
-6.99461e-05
5.09024e-05
0.000149906
0.000229001
0.000291646
0.000342071
0.000383854
0.00042069
0.000455678
0.000490963
0.000528514
0.00056982
0.000615597
0.00066638
0.000721931
0.000781596
0.000843585
0.000905395
0.000963449
0.00101322
0.00104952
0.00106692
0.00106049
0.00102657
0.000963509
0.00087297
0.000758678
0.000627875
0.000488207
0.000348903
0.000217251
9.8899e-05
-2.86102e-06
-8.6844e-05
-0.000154912
-0.000208795
-0.000251651
-0.000286877
-0.000317097
-0.000344634
-0.000371933
-0.000400484
-0.000431418
-0.000465631
-0.000503659
-0.000545502
-0.000590861
-0.000638723
-0.00068742
-0.000734329
-0.00077635
-0.00080961
-0.000829816
-0.000833035
-0.00081563
-0.000775814
-0.000713676
-0.000631541
-0.000534177
-0.000427082
-0.000317477
-0.000211211
-0.000114322
-2.93255e-05
4.21703e-05
0.000100344
0.000146717
0.000183582
0.000213206
0.000238121
0.000260293
0.000281632
0.000303268
0.000326633
0.000352144
0.000380576
0.000412047
0.000446498
0.000483155
0.000521183
0.000558674
0.000593424
0.000622749
0.000643134
0.000651479
0.000644922
0.00062108
0.000579745
0.000521928
0.000450134
0.000369057
0.000283569
0.000198856
0.000119843
4.92781e-05
-1.09673e-05
-6.08265e-05
-0.000100583
-0.000132203
-0.000157416
-0.000178218
-0.000196278
-0.000212967
-0.000229657
-0.00024724
-0.000266433
-0.000287831
-0.000311315
-0.000337362
-0.000365376
-0.000394642
-0.000424325
-0.000452638
-0.000477552
-0.000496686
-0.000507414
-0.000507414
-0.00049454
-0.000467896
-0.000427812
-0.000375926
-0.00031513
-0.000249371
-0.000182372
-0.000118505
-6.03348e-05
-9.92417e-06
3.23355e-05
6.66976e-05
9.38177e-05
0.000115395
0.000133038
0.000147879
0.000161111
-0.0156585
